* Tree 1 *
42	57	0
42	0	0
56	0	0
56	25	0
67	25	0
67	36	0
56	36	0
56	57	0
0	81	0
1	77	0
5	74	0
11	73	0
10	70	0
10	66	0
11	61	0
15	58	0
20	55	0
25	53	0
29	53	0
34	54	0
38	55	0
46	55	0
48	54	0
52	54	0
61	54	0
66	53	0
71	54	0
76	56	0
79	60	0
79	63	0
86	61	0
89	61	0
94	63	0
97	65	0
100	69	0
99	73	0
96	76	0
99	80	0
101	83	0
98	87	0
94	90	0
87	92	0
82	90	0
77	88	0
78	91	0
77	95	0
74	97	0
70	99	0
64	101	0
59	100	0
55	99	0
53	96	0
51	95	0
49	97	0
44	98	0
40	99	0
36	100	0
32	99	0
26	98	0
23	96	0
20	93	0
17	90	0
15	90	0
9	90	0
4	89	0
1	86	0
0	81	0
2	76	0
6	74	0
64	29	0
60	31	0
59	32	0
64	33	0
65	31	0
64	31	0
63	31	0

* Raio *
0	100
18	73
27	73
42	49
55	49
70	29
77	29
100	0
90	31
87	31
72	55
68	55
50	85
47	85
39	100